parameter	burnin	psrf	ess_concat	ess_0	ess_1	ess_2	ess_3	ess_4
ln_likelihood	1	0.9996718298080616	544.83812617836	128.0220315533848	110.77479769749003	100.23258688965505	89.74619783588636	84.17462552481085
ln_likelihood_BabuyanClaro0	1	0.9997126046760217	471.4347651854131	101.8543106250678	98.61345643039287	85.56473907655352	81.51539910287165	79.5021698237967
root_height_BabuyanClaro0	1	0.9997349610130617	4293.45458940657	864.7471590909591	1130.9439405480582	1200.0	1133.020678256452	443.95073747250916
pop_size_BabuyanClaro0	1	0.9996477648864681	378.5927109790566	70.07180874793599	83.23186648475016	73.71992196961398	66.60913638711553	70.1907800577018
pop_size_Calayan0	1	0.9996746810570152	446.08399837985263	82.53364189995752	108.3964045130691	82.14481399035833	77.43527873866759	79.73646141452966
pop_size_root_BabuyanClaro0	1	0.9996885278866667	478.2794384160087	87.12086722905866	127.23423590108139	91.07756150449401	83.027979089002	87.09842991219581
ln_likelihood_MaestreDeCampo1	1	0.9998095174163543	619.1494830240525	138.48306845427217	138.67513148951713	139.66958252654086	94.9435403225177	101.71674680739402
root_height_MaestreDeCampo1	1	1.0001078672884935	2453.1551890243695	532.8275599054966	411.59692843054034	665.9738554433538	350.1508245814813	473.4857198985355
pop_size_MaestreDeCampo1	1	0.9999581119638229	541.0463899852215	120.73472705680472	115.02737205759941	130.315955708418	86.7595120801045	92.85765685014218
pop_size_Masbate1	1	1.000619860914943	557.3712365836279	92.70236653159739	148.18611112254743	121.71852798019788	84.92198373649993	105.35572060860332
pop_size_root_MaestreDeCampo1	1	1.0003115240583322	658.573352568673	124.20560293459127	155.5491000163483	130.74122310079684	93.51422375106957	145.6162029762765
ln_likelihood_CamiguinNorte2	1	0.9996507686463828	649.5753937354652	174.55609359309128	112.63384321069509	108.34179375695238	108.46376059462875	79.65612128349892
root_height_CamiguinNorte2	1	1.0009169726650857	1568.8343997232928	366.1333418227705	191.91917240740685	209.2531275069778	225.89788423830498	171.5145010619784
pop_size_CamiguinNorte2	1	1.0007748574439566	787.0254606865235	206.1587405669445	214.83523243127107	130.68967714827366	112.46098206274573	135.95915101172307
pop_size_Dalupiri2	1	0.9997456829156537	386.45285931882177	77.12098588020474	78.05482733117405	69.78490177738469	70.89287257646701	64.82497509368918
pop_size_root_CamiguinNorte2	1	0.9998147110642726	821.8808354745464	188.65848469357152	167.78096099770292	155.14204109640548	137.8732305167586	131.76663054380288
ln_likelihood	100	1.000162163262242	1863.8673826823783	284.4205989254268	625.4726223257311	720.8948518759862	514.5825439263836	695.4222939881354
ln_likelihood_BabuyanClaro0	100	1.000431853382644	2430.929313654443	472.86694134382435	615.835000310149	648.5134428319856	446.64907685416256	661.854193728833
root_height_BabuyanClaro0	100	1.0008076466702212	3618.417081714014	567.9447967642319	731.0413529502104	1063.5246819882889	1101.0	701.1798319892908
pop_size_BabuyanClaro0	100	1.0005450799715376	2645.0394512460634	551.5751274126771	559.0803877236925	929.0732805811432	377.58650269082574	441.33814556405343
pop_size_Calayan0	100	0.9999038325000156	2930.4614053607097	492.66879967386797	628.380168345208	422.56615388766323	593.9257126271265	571.1177262294739
pop_size_root_BabuyanClaro0	100	1.0006192779969525	2764.4898819073906	664.6728423498421	611.7675344870403	485.86093510455964	355.9482181514091	478.2023736744735
ln_likelihood_MaestreDeCampo1	100	1.000829344664024	2968.2286918370046	714.6892949828061	658.9842295808295	1035.7822607295109	734.3576373282011	650.4927157990993
root_height_MaestreDeCampo1	100	1.0001705645040355	4605.0104103446265	829.6567027122018	814.8971676343617	1101.0	685.6127283952825	1016.1532117262457
pop_size_MaestreDeCampo1	100	1.0002723839709777	2619.762306189056	983.7592612316188	639.4767621678166	555.9803130958551	495.6049177884973	743.278091217962
pop_size_Masbate1	100	1.0032110611334895	2963.3693930216773	620.2257623842315	635.1426754407164	680.7419597205691	745.5612171845967	792.8616999957327
pop_size_root_MaestreDeCampo1	100	1.0014563700141992	3580.7257239069577	907.7823651811004	690.7338844206774	470.6544990349979	1023.9655957714452	675.9848750148338
ln_likelihood_CamiguinNorte2	100	1.0024193048262842	1595.6409665347687	227.02154784123488	739.2373912088261	452.44359398543816	663.5525090227069	399.3208337298672
root_height_CamiguinNorte2	100	1.0021697632417734	1288.5115351514848	195.37687227478324	303.67078552270715	379.2001976194163	632.6884866515339	264.02137941998944
pop_size_CamiguinNorte2	100	1.0010844169239852	1937.5007330602182	433.9696278899506	241.8345818765228	318.90192972991025	505.34208870339955	266.4939942381277
pop_size_Dalupiri2	100	1.0012946499215452	1014.7991655889816	231.62774066441872	267.7606951209881	223.31878886569004	314.2154442689113	184.41923728803573
pop_size_root_CamiguinNorte2	100	1.0004853201061152	3615.2896108564028	476.1896128686796	358.4759281292107	664.1109109547402	726.8763174969064	519.0181183517378
ln_likelihood	200	1.0004164070639168	1966.779128938238	289.419145860919	551.6768495081537	623.6834278639951	358.54541216820184	482.9914791405309
ln_likelihood_BabuyanClaro0	200	1.0002642837150308	2366.4420907615795	348.9981077100957	577.2925217860175	772.1967146313388	402.4988676589353	683.1364498033275
root_height_BabuyanClaro0	200	1.0005922635477915	3449.14552115265	404.6733245659848	734.0599168854487	1001.0	968.9662496375769	553.4359209887791
pop_size_BabuyanClaro0	200	1.0006371776431475	2197.5245074886593	528.3441730748364	535.2103727848828	763.0312912028425	379.8633183378434	389.18663407153343
pop_size_Calayan0	200	0.9997047360631087	2481.7090845363955	653.7547533611802	505.365600064781	415.7477921780476	517.884942270602	506.17324429474706
pop_size_root_BabuyanClaro0	200	1.0001678134508927	2213.5844039625863	545.6902446757331	539.7483339524055	552.7509205777822	345.6113564375424	623.5569624022008
ln_likelihood_MaestreDeCampo1	200	1.0010857555501593	2375.3352163430854	595.1915317685053	714.0211979758058	541.6528560953141	567.1537209455868	638.6289970684616
root_height_MaestreDeCampo1	200	1.0000413740793181	4734.878230337575	910.5661936927356	958.1848593693085	1001.0	659.6971104171902	987.0360365039518
pop_size_MaestreDeCampo1	200	1.000533275769547	2105.596254092375	666.8572123634075	598.481610958875	440.2182976822313	334.72673018938707	677.3178535218624
pop_size_Masbate1	200	1.0023784190726217	2946.160594954814	510.92704363457426	394.39342234967535	683.1031149040044	640.8785764339945	542.6785865381318
pop_size_root_MaestreDeCampo1	200	1.0017183533753977	2792.7874535399374	518.1241467329158	682.278236609943	629.9311999570607	988.8499369159576	778.826328388768
ln_likelihood_CamiguinNorte2	200	1.0023911477577632	1600.0256142588821	259.6897793357642	641.9833562380054	421.28883154294573	387.93511294319796	308.8745855291541
root_height_CamiguinNorte2	200	1.0013906062002982	1565.1623581481865	194.916499677968	419.64283784320776	357.1858486738327	414.67466866076654	236.99327133491093
pop_size_CamiguinNorte2	200	1.0008669659099978	2704.693301916489	365.2272051617614	257.47886238531896	392.2359340964898	360.8210178169425	295.0288540529103
pop_size_Dalupiri2	200	1.0011043624763325	1257.6476732305096	219.83610118370055	360.32759840365645	230.06633733745133	233.81292414716714	146.98605638476803
pop_size_root_CamiguinNorte2	200	1.00026199160078	4164.359989903717	484.2163763296273	424.45984761105035	744.4038077005425	496.1073017387599	523.2614284418557
ln_likelihood	300	1.0009715993660284	1765.1679469502665	215.49376529132468	670.1990080050969	374.8442897386702	370.80288137884014	474.5424799635593
ln_likelihood_BabuyanClaro0	300	0.9999308796408826	2233.6548994837026	322.55008456046266	582.7051137317737	512.5212562935194	319.27853406159494	522.4074482708417
root_height_BabuyanClaro0	300	1.0006830625705676	2850.414235877684	396.1428125903089	689.2796438126219	856.1374787320987	901.0	526.2046946132888
pop_size_BabuyanClaro0	300	1.000067258478904	2124.2459279503323	474.9917899749989	460.12236749439876	792.0845729557238	380.44676874462266	467.211919214523
pop_size_Calayan0	300	0.9995119726690685	2512.139932007248	474.7573532439443	312.58045173485704	397.2078506209847	443.54800036540155	345.99583231718555
pop_size_root_BabuyanClaro0	300	0.9999228190672543	2400.929268351501	546.0488373541505	650.7448561934606	442.445039509253	320.8135046129065	420.14018928416345
ln_likelihood_MaestreDeCampo1	300	1.001090461807334	2442.769736908094	568.0291105048632	709.1140592763504	413.8692746973763	463.00391621485954	524.6837482517358
root_height_MaestreDeCampo1	300	0.9996890436818366	3606.9042105445233	757.6975283060625	873.6041990174639	901.0	575.7544510891896	818.6516155355853
pop_size_MaestreDeCampo1	300	1.0005537697762326	1942.239248580736	590.0354345202486	461.7876543871909	446.9639834173668	324.3515461707055	485.0261149637062
pop_size_Masbate1	300	1.0027331756554452	2328.652721186883	616.2293664994337	431.86370802323717	530.3997820933166	555.666661021607	548.9336546704618
pop_size_root_MaestreDeCampo1	300	1.0025303909313306	3010.298762779422	510.8022571507547	435.0423389765579	695.0017942549418	761.4546924465451	562.9840734677406
ln_likelihood_CamiguinNorte2	300	1.0029266058569333	1327.4769707184098	177.35126489532158	526.6314202363791	417.05251750302466	469.5657782575843	312.47359894403644
root_height_CamiguinNorte2	300	1.0012281027906778	1266.9406526140247	167.7465279052709	717.1716247231559	345.5720360135361	461.59796531832495	238.8686099269983
pop_size_CamiguinNorte2	300	1.0004778818392142	1984.4371809562176	346.4701218016386	323.5669917785041	440.6613589099345	377.97174239524645	255.83270250500286
pop_size_Dalupiri2	300	1.0008128174007	1038.630988107909	199.1988358537992	396.8913578154489	234.5357129084753	286.19802574540716	149.28932889715443
pop_size_root_CamiguinNorte2	300	1.0001497355712923	2771.2515405825584	384.45253556642683	476.3361420472231	680.2546890385264	442.72938161579657	458.9999934971242
ln_likelihood	400	1.001744500666053	1679.1180463324451	177.17785583922466	562.6993844981785	338.3279580792036	330.53026270718397	406.9316063359076
ln_likelihood_BabuyanClaro0	400	1.0002423155775897	2253.633052729565	282.1021888924903	533.8923848672414	415.01720231146265	358.8970976019192	360.8345251925337
root_height_BabuyanClaro0	400	1.0009888539779335	2464.271584857878	294.9890520097562	638.7340516828281	801.0	801.0	408.5411303799079
pop_size_BabuyanClaro0	400	0.9996610591202637	2249.3366057042736	418.94216539376185	413.5221804299427	502.8613440538002	272.42529076611237	398.0892211932346
pop_size_Calayan0	400	0.999670247276457	2289.2812836810253	417.830238886186	454.81756080895724	294.14533625366664	444.70076125181106	291.789483864228
pop_size_root_BabuyanClaro0	400	0.9994537454464286	2283.0033818658558	452.33781510817124	410.7969950186703	271.31550386466563	344.24159803426676	397.67006405964537
ln_likelihood_MaestreDeCampo1	400	1.0016207379803044	2348.5710158228426	449.029576070983	532.2409575491372	565.573100885059	336.69241420105345	418.81513404822783
root_height_MaestreDeCampo1	400	0.9996259960458436	3692.5243951813627	685.7722716863177	768.9545867655768	668.8502339586529	492.0622194922971	741.0587585130189
pop_size_MaestreDeCampo1	400	1.0002698502494662	2481.682143083978	658.6178787502002	353.1178397044888	345.7387526547616	286.7866612405136	436.10397046529584
pop_size_Masbate1	400	1.0027065650232496	2257.026765372403	491.41041623403163	369.07595381749405	496.49118363272356	521.758887851884	529.8186863296522
pop_size_root_MaestreDeCampo1	400	1.002230933129187	2896.0285842480926	498.9666258621478	437.96514915756774	427.16266694780177	741.7928422224504	636.6048428077999
ln_likelihood_CamiguinNorte2	400	1.003694536550671	1046.8835875228608	148.87736082749646	506.93466165726403	259.3613710632485	578.8542508257168	265.377086735114
root_height_CamiguinNorte2	400	1.0027945373656686	1010.6727236263619	142.54611172925144	395.6128073878229	244.53487120525114	440.9234933491838	172.63714422922956
pop_size_CamiguinNorte2	400	1.0015023241110308	1739.7281859512145	285.5401637673995	151.19467263089302	347.1576434581086	337.32090654478264	223.86830491006552
pop_size_Dalupiri2	400	1.0014597989156244	794.587732172991	147.0323052893093	258.5443843281662	148.5453412893509	259.7061136718353	117.91920140593956
pop_size_root_CamiguinNorte2	400	1.0010627190492742	2949.0613760417846	446.9302489559408	336.818366214414	801.0	349.8923741568108	345.1751022699915
ln_likelihood	500	1.0014552800143808	1455.092509500962	133.2043358105769	458.2648705810519	330.90453823232866	362.4765988242039	299.9551976207069
ln_likelihood_BabuyanClaro0	500	1.0001761512679936	1736.9965753190363	202.22731294056896	455.40214404752334	352.89476546421395	322.9850113034097	340.50591439511027
root_height_BabuyanClaro0	500	1.0012745103136964	2148.1137790059774	221.05479152908038	547.8938578989653	701.0	701.0	596.9079495186767
pop_size_BabuyanClaro0	500	0.9999703856172782	1713.33101021696	557.6024334704153	282.5707349516379	396.7418410250237	259.4086685315819	384.8907422821545
pop_size_Calayan0	500	1.0000529107340026	1464.344383469191	409.5457066828748	401.29614559413795	278.92669134102675	304.007658247176	375.4259287986361
pop_size_root_BabuyanClaro0	500	0.9995021922486257	1484.1583530246955	406.5964513374118	517.4969246385918	275.63902385640245	290.57012107681066	355.01458024169824
ln_likelihood_MaestreDeCampo1	500	1.001977040208913	1860.782902699655	492.3144517184229	504.5505991687138	419.70951635092047	358.70378102510165	313.96753006021515
root_height_MaestreDeCampo1	500	0.9998075485178622	2196.6061128136344	616.7270349613358	701.0	394.8727165788787	430.16537589867477	623.6928568234374
pop_size_MaestreDeCampo1	500	1.0003228978506384	2058.6498539545228	494.3844862480346	333.9818839516151	426.28312574257325	234.1391891877763	331.25350412307165
pop_size_Masbate1	500	1.0039254376119306	1932.0187254955072	384.3986928564891	371.8675951139247	456.42584831804135	364.5802527570118	507.457922335557
pop_size_root_MaestreDeCampo1	500	1.0019448020636033	2395.890296043902	521.0584965666443	466.6835553589953	493.90001977921486	451.45122763276555	544.2283858704997
ln_likelihood_CamiguinNorte2	500	1.0039534455413939	1303.2713705540525	132.32914916588447	407.22599613845455	304.57288771083273	433.37308423586387	203.65484858310046
root_height_CamiguinNorte2	500	1.002039149054599	1041.8064000865786	120.51047014040451	406.8053084717754	179.87212148190923	308.51749587625915	142.7723039775017
pop_size_CamiguinNorte2	500	1.0003194115973204	1984.6322257395075	274.42510781457264	169.2245880895811	198.20690042939745	211.2467915944185	183.7899603150524
pop_size_Dalupiri2	500	1.0005047726126037	1160.417833248275	161.38646594781096	217.0530122654545	124.65794843759593	197.80929936207608	103.62981888570502
pop_size_root_CamiguinNorte2	500	1.0004577801065786	3023.15743374797	407.990299173212	385.58887130315844	476.6059155201378	346.7793191286592	358.0115961236265
ln_likelihood	600	1.0000617334413047	1713.6720050851523	356.1677808284914	373.85589953488494	259.5412938333167	265.17251930465204	276.08293433586334
ln_likelihood_BabuyanClaro0	600	1.0000113021105117	1767.585388905774	553.2286682903233	413.834902047969	326.86931482892004	280.245958586602	348.66160174582654
root_height_BabuyanClaro0	600	0.9997022067833026	2402.831702000026	323.86720813148156	541.9926432758087	499.15461894434344	601.0	543.2673015607588
pop_size_BabuyanClaro0	600	0.9998247753700599	1627.3605112653092	317.85136167572733	272.47179710169473	482.52313398895967	216.88970727356497	227.8028768595015
pop_size_Calayan0	600	1.0005011201327338	1465.1479365628688	464.8547709719742	381.3609902498038	239.01399610731454	277.84752438754737	264.54268760549473
pop_size_root_BabuyanClaro0	600	0.999918775073084	1493.8821820735661	423.36823899122186	428.32607507032077	223.75367035041813	299.818806850515	356.35448891852246
ln_likelihood_MaestreDeCampo1	600	1.0000451453361718	1520.741373686128	426.50800454433744	378.42764839495493	304.0965507060906	388.5772532800095	289.7109868409334
root_height_MaestreDeCampo1	600	0.9995385261515426	2973.2919136656874	582.7132304438547	601.0	494.9262683578613	437.723321279602	601.0
pop_size_MaestreDeCampo1	600	0.9999569302442873	1439.2279361441667	536.3592116920576	230.60017218099208	374.58518717877195	245.33936967841103	224.2276052561249
pop_size_Masbate1	600	1.0041987406754445	1386.1141949989997	425.5868671264697	255.51146672175187	351.4570759850692	323.3408872656549	308.35531204679427
pop_size_root_MaestreDeCampo1	600	1.0010635562484125	1796.154110107153	491.2221220208526	298.0807053471076	468.02466761599254	601.0	445.9465484897867
ln_likelihood_CamiguinNorte2	600	1.0031936572262197	1106.5380971546679	272.69468814372357	318.34718112484114	235.53114339990006	347.6752581706246	174.97661964255494
root_height_CamiguinNorte2	600	1.0014159062301349	1154.5422860557542	199.9071683304717	494.04184156068	166.3754418392758	412.37170515672614	154.86901437827248
pop_size_CamiguinNorte2	600	0.9999030006731292	1228.8717079971404	234.6242429475306	204.63425800997894	231.15616652826034	235.0243346139009	190.70075943319728
pop_size_Dalupiri2	600	1.0017696093333581	763.6428716086556	133.6624204748927	237.44245576712592	116.59456350268235	195.7585898819757	90.92237845453604
pop_size_root_CamiguinNorte2	600	1.0004881741467306	2233.2734966669314	601.0	343.7810944878164	601.0	491.6795408637858	326.0088970853391
ln_likelihood	700	0.9996519289058018	1275.9492699284615	218.2519873862962	377.0790171802176	186.86062810244908	175.4261348120551	240.2082464154764
ln_likelihood_BabuyanClaro0	700	0.9996546846354578	1171.6225515984543	339.09123414440637	368.43953511270854	215.24530747881457	172.00679341186708	255.3115280445583
root_height_BabuyanClaro0	700	0.9996853372032166	2026.2324017356539	292.8607420533696	501.0	304.0378590050055	387.31984864421713	456.6577496849272
pop_size_BabuyanClaro0	700	0.9995009595235367	944.3532236915598	323.64885619626705	202.33869387775502	267.6917137769005	168.03134641961904	226.3148427848808
pop_size_Calayan0	700	0.9999688828616333	1199.0023748084554	230.89203409157153	264.87110071961666	283.9490095218343	328.26322257621	262.7258416547068
pop_size_root_BabuyanClaro0	700	0.9999584328317765	1041.8502880630974	275.1940444640675	425.91987130086756	191.9734737864653	275.3195807025602	201.84222692490434
ln_likelihood_MaestreDeCampo1	700	1.0000100870829856	1798.3263038510897	460.2050652990086	316.7340343066871	246.79596666262796	378.5326276504805	261.3876355719201
root_height_MaestreDeCampo1	700	0.9996901974810105	1695.7904513213368	501.0	501.0	241.38369563264882	304.9018962535104	430.79576053404855
pop_size_MaestreDeCampo1	700	0.9998801616212682	1366.145155129132	501.0	286.4130421469461	191.72607337976282	274.81759227213365	271.0482414685155
pop_size_Masbate1	700	1.0041582665669582	1492.2440376538875	341.3211338803055	198.36666695470043	280.7372130970203	217.571496345636	274.3635355230237
pop_size_root_MaestreDeCampo1	700	1.0006591831709761	1730.925218969	399.50600423707556	283.70753305128517	261.6773253212281	391.6177331570028	501.0
ln_likelihood_CamiguinNorte2	700	1.0026858339413431	835.178141819644	156.73794958306766	284.5342867531824	183.33228953139266	318.34661127432906	150.42502643123927
root_height_CamiguinNorte2	700	1.001232387124514	1075.108597067609	319.2735250302206	259.3823774316499	112.03112527051738	393.07491502248416	129.32867235471588
pop_size_CamiguinNorte2	700	0.9992619358283095	977.0646401196911	278.11534958049526	161.63735908568972	237.73957961382018	159.31932472267192	173.01062333212465
pop_size_Dalupiri2	700	1.000376542016093	527.746400781121	134.00034143083414	153.15010079955383	99.65171582959105	172.14624579272737	85.30032528142753
pop_size_root_CamiguinNorte2	700	0.9999633608888084	1594.2039877074517	472.0068442130958	305.57779721918894	426.0031339185913	190.0501799082643	214.1275259442511
ln_likelihood	800	0.9999247897411918	1255.6703257251422	215.88627294539512	253.73257491617858	251.87195222152118	166.22695522911872	192.58878701138767
ln_likelihood_BabuyanClaro0	800	1.002016014152156	920.1302735815001	263.4027093859311	341.1623104693107	224.30121763233976	177.1144075134735	306.84553999001446
root_height_BabuyanClaro0	800	1.0009585933128617	1539.4413214689287	283.34089507093853	401.0	401.0	354.16168923715907	349.93450850383226
pop_size_BabuyanClaro0	800	1.0009555782406787	729.2303331976829	182.12076088846908	220.89670228293878	275.85975342425854	116.97868240114656	177.9915000302282
pop_size_Calayan0	800	1.0005752420225964	1158.1363625221784	215.04560722619485	147.21557072022742	200.15325381396727	275.07166676490823	255.46268107151457
pop_size_root_BabuyanClaro0	800	1.001198564421742	943.2898752664817	231.02754284410193	287.496899106946	179.22035150777506	227.09168853619911	177.75431348727906
ln_likelihood_MaestreDeCampo1	800	0.9992883973394465	1651.1285863613527	401.0	238.88055873849342	256.1686494870705	401.0	236.16521053032466
root_height_MaestreDeCampo1	800	0.999404782367087	1608.749839152091	401.0	401.0	204.99348343306454	401.0	294.78549640597225
pop_size_MaestreDeCampo1	800	1.0003285773441146	938.2775012613984	352.73251632075556	149.968947707944	131.37163809447455	191.95786401648317	145.78482703530622
pop_size_Masbate1	800	1.0037848329414643	1176.8305658672923	230.39322851050434	191.33623463699274	229.36910970608935	401.0	247.24164114904903
pop_size_root_MaestreDeCampo1	800	0.999717532635792	1072.4589910537904	228.20956966307176	252.34823684506213	205.40221871438044	342.10029867847464	401.0
ln_likelihood_CamiguinNorte2	800	1.0040634824296735	738.7625482228638	196.1286806950238	234.4520034796969	174.99760351297545	194.44281368594847	116.32331012823151
root_height_CamiguinNorte2	800	1.0028002529077011	680.4183603917594	320.9816150497155	198.50826699720037	114.04472931759226	286.2674294804807	95.43260410435857
pop_size_CamiguinNorte2	800	1.000708000276231	938.995861734186	121.54198924514219	147.39897962502894	217.33866232487765	114.04761181695294	147.13877229053818
pop_size_Dalupiri2	800	1.0020214532659	432.22885680220196	98.5247540451329	126.23518226009594	94.58046513087201	118.63528735810524	62.90341323409269
pop_size_root_CamiguinNorte2	800	1.0008077431984703	1325.2616553715486	401.0	240.59742043804772	358.47581126240266	142.3537508726237	234.05955231896795
ln_likelihood	900	0.9987274863872113	731.1560798214722	150.6889439517721	221.27831981700206	132.74739094915546	115.59207787268672	153.0485874396032
ln_likelihood_BabuyanClaro0	900	1.0047131787617452	605.4689768565497	138.9545376683381	240.5950019177029	137.89375791167586	103.97547167769201	301.0
root_height_BabuyanClaro0	900	1.0043599826845107	1218.139168480432	222.4093017050643	301.0	301.0	301.0	301.0
pop_size_BabuyanClaro0	900	1.0022095680831138	562.6350442849866	184.07178294942887	109.19192654982842	133.91132680174485	107.542507489183	146.7528513878728
pop_size_Calayan0	900	1.002713841179673	689.7352957650389	135.8553176192775	178.29067520014584	123.00764198675711	109.1793299703667	218.11860480051834
pop_size_root_BabuyanClaro0	900	1.0032966558101337	663.5709256822083	148.07762321598094	207.3045343251167	109.61927297706752	163.9732763933931	161.28054438799919
ln_likelihood_MaestreDeCampo1	900	0.9987068063170509	1154.637294834985	245.2775856917384	203.73619265783103	301.0	285.8174767388674	161.2053723429466
root_height_MaestreDeCampo1	900	0.999388909758368	1366.9067199444346	301.0	301.0	123.17516534974652	200.9259657992063	220.9666877457352
pop_size_MaestreDeCampo1	900	0.9998540615208827	880.0523819568798	301.0	108.94755017982436	145.22819713550652	197.0331376429763	144.2945759878258
pop_size_Masbate1	900	1.0015659563210872	1113.5391539169166	199.7465897437552	216.64065618800478	271.53940983269405	274.090664787175	184.89162865282668
pop_size_root_MaestreDeCampo1	900	1.0002939128562387	1077.96312109819	301.0	201.00950537162245	137.88289574813624	172.8529614131893	277.05776394225614
ln_likelihood_CamiguinNorte2	900	1.0040168314561082	448.9966962198397	89.74417678997813	209.50358136733433	102.30682500436514	147.0556660366826	74.16184663735329
root_height_CamiguinNorte2	900	1.0053779094607318	461.65453676853275	100.00230861165427	301.0	73.1434987794872	157.42498906916933	85.71682128834843
pop_size_CamiguinNorte2	900	1.0016830359046132	466.72652352899144	91.55621225498679	187.8144586709167	205.59816572259624	105.5408934702918	159.05198192294836
pop_size_Dalupiri2	900	1.0083600291186954	277.7767704022041	46.8853022911666	205.86496097152283	70.87083927301933	69.44420967313835	59.48601359389432
pop_size_root_CamiguinNorte2	900	1.0020616317967586	810.3485138800045	231.26442627877017	198.12681072136067	301.0	221.95916431172046	291.4395364235549
ln_likelihood	1000	1.003384577812225	540.3794400130837	128.55031246747703	142.93369355268314	163.0714137915726	93.9583605308654	87.64864759005029
ln_likelihood_BabuyanClaro0	1000	1.0090451637031808	416.58962422617066	85.54839849470054	117.47576621537128	120.38988798305388	89.93680336305958	165.518117143364
root_height_BabuyanClaro0	1000	1.004490771347789	1005.0	201.0	201.0	201.0	201.0	201.0
pop_size_BabuyanClaro0	1000	1.0004931555075502	427.41018181302627	70.87123678397471	112.09661755099474	129.96923789443323	71.12955713033139	77.14822665066582
pop_size_Calayan0	1000	1.0137387464217507	386.97080238638995	147.5256538141357	73.76017019936563	119.02476598926032	90.23390312896234	146.0101227610244
pop_size_root_BabuyanClaro0	1000	1.0140821214905908	437.92523345749345	145.6550175657962	171.4286060536645	67.72616213219077	152.80485340533625	114.66593992921099
ln_likelihood_MaestreDeCampo1	1000	1.0013199965763018	624.3647573708726	136.87758724104754	199.4671885674355	138.97514184211022	201.0	106.17965745954287
root_height_MaestreDeCampo1	1000	0.9994902815442226	967.4209427500134	201.0	201.0	111.169870940294	201.0	177.81371154702887
pop_size_MaestreDeCampo1	1000	1.000516320590554	817.5598524880628	134.08407232115314	106.21436185931697	137.68553961714855	126.99922761103622	177.00736472559683
pop_size_Masbate1	1000	1.0043639497792636	673.6069095583548	134.9340422409805	193.29030609641282	91.52762363755997	176.17516381848384	201.0
pop_size_root_MaestreDeCampo1	1000	1.0014045842300898	974.6185304416368	177.73402559870382	181.5511685007529	123.63410627956803	201.0	113.64573845517079
ln_likelihood_CamiguinNorte2	1000	1.0071689592442745	300.787416851869	115.72447144163951	119.632435962339	75.86258961706123	102.62651496122557	63.30790139612862
root_height_CamiguinNorte2	1000	1.0118471285864505	298.370203127976	188.4076144297898	166.13562877509847	53.52811018922274	201.0	53.53875695341134
pop_size_CamiguinNorte2	1000	1.0027160443469774	524.8297544822191	57.63097348729159	60.22119715180421	94.6000911011517	62.70673059263281	85.85604265123106
pop_size_Dalupiri2	1000	1.0196868386755473	217.196779559833	63.43411690066455	105.40534865707984	45.07587766061584	115.34252283311761	36.97775726936544
pop_size_root_CamiguinNorte2	1000	1.000903631412359	827.9660306611278	147.21656081310573	74.45588188394021	146.9363457627562	82.88571445526205	171.96154558268145
ln_likelihood	1100	1.0146291887530716	363.85280385346283	45.882188293061645	56.23573547916791	93.17266197302953	33.91597677118069	76.83243889928991
ln_likelihood_BabuyanClaro0	1100	1.0174799375133208	364.97417069987887	70.89321975833452	48.3528312478421	101.0	33.386706560304354	101.0
root_height_BabuyanClaro0	1100	1.0016112728766395	505.0	101.0	92.53572514929186	101.0	101.0	101.0
pop_size_BabuyanClaro0	1100	1.0060454334029505	279.2967524260059	35.64366377196365	47.22345218085777	101.0	38.42705255086209	68.50446498009913
pop_size_Calayan0	1100	1.0255452165470305	210.64840004785782	101.0	45.898706627772505	92.645826435178	39.49602968515106	94.16508775389897
pop_size_root_BabuyanClaro0	1100	1.0134634171564638	237.71638729138598	82.3302744941317	101.0	40.5874233076625	38.00429648032146	43.13199031312965
ln_likelihood_MaestreDeCampo1	1100	1.0021062696448342	324.8072646545392	45.402382755862206	101.0	58.915105083194696	98.47075487242732	90.0864288193917
root_height_MaestreDeCampo1	1100	1.0008347795984789	505.0	101.0	79.48133354475964	101.0	101.0	101.0
pop_size_MaestreDeCampo1	1100	1.0102531964725994	321.6925169367863	101.0	52.373146501597176	49.97132884390212	92.39034907363768	101.0
pop_size_Masbate1	1100	1.0073996049779377	267.09912057529016	65.80603694085679	101.0	35.03426575484206	54.29689712165614	101.0
pop_size_root_MaestreDeCampo1	1100	1.0037133092920556	425.9819618810212	101.0	101.0	72.74071854404261	82.69149829804692	47.078454676812676
ln_likelihood_CamiguinNorte2	1100	1.0142767368132959	204.32605475467545	85.6581310663728	47.68864304725945	41.585948054674176	73.66116323401482	36.0523970867813
root_height_CamiguinNorte2	1100	1.0129650480732066	203.4480953397339	60.022339469271	34.23435007516294	28.5043868402389	64.51051798120213	30.90906666143032
pop_size_CamiguinNorte2	1100	1.008048640632492	209.49802264439697	35.839545484724106	26.39080520568115	37.766558995248324	71.82184736484096	51.47112292255415
pop_size_Dalupiri2	1100	1.0292896310434465	135.55208750253448	42.678463668511995	37.96199361638121	26.752937419604745	45.798587704690924	23.174316227937656
pop_size_root_CamiguinNorte2	1100	1.001368980121331	484.5073538855721	64.84135085918348	66.15241500705893	65.86374239652743	79.79887876156992	101.0
